193 0 2
7 3 1
19 3 1
73 3 1
106 3 1
143 3 1
397 3 1
422 3 1
446 3 1
478 3 1
479 3 1
533 3 1
607 3 1
81 5 2
117 5 1
158 5 1
255 5 1
469 5 1
7 23 1
19 23 1
20 23 1
113 23 1
186 23 1
232 23 1
393 23 1
422 23 1
352 29 1
558 29 1
561 30 2
41 45 1
46 45 1
364 47 1
10 57 1
14 57 1
15 57 1
17 57 1
251 57 1
19 59 2
180 59 1
255 59 1
19 60 2
180 60 1
196 60 2
255 60 1
7 66 1
65 66 1
287 66 2
304 66 2
336 66 1
127 67 1
199 67 1
343 67 1
344 67 1
345 67 2
347 67 2
351 67 1
446 67 2
498 67 1
597 67 1
19 70 2
20 70 1
193 76 2
124 77 2
193 77 2
124 80 2
85 86 1
159 91 1
112 112 1
159 112 1
230 112 1
415 112 1
119 121 1
120 121 1
490 121 1
524 121 1
172 122 1
438 122 2
61 135 2
129 135 2
130 135 2
131 135 2
132 135 2
133 135 2
134 135 2
139 135 2
155 135 2
156 135 2
206 135 2
212 135 2
439 135 2
440 135 2
441 135 2
613 135 2
614 135 2
135 136 2
136 136 2
204 136 2
616 136 2
614 137 1
616 137 1
96 179 2
364 184 1
554 184 1
555 184 1
553 195 1
0 198 1
29 198 1
30 198 1
196 198 1
197 198 1
199 198 1
202 198 1
352 198 1
192 201 1
196 201 1
197 201 1
199 201 1
200 201 1
202 201 1
203 201 1
211 201 1
314 201 1
341 201 1
363 201 1
380 201 1
399 201 1
135 206 1
136 206 1
204 206 1
219 206 1
9 208 1
13 208 1
15 208 1
16 208 1
18 208 1
34 208 1
35 208 1
36 208 1
37 208 1
38 208 1
39 208 1
40 208 1
42 208 1
43 208 1
44 208 1
48 208 1
49 208 1
107 208 1
108 208 1
129 208 1
133 208 1
210 208 1
219 208 1
223 208 1
233 208 1
246 208 1
247 208 1
248 208 1
249 208 1
250 208 1
252 208 1
256 208 1
257 208 1
289 208 1
290 208 1
291 208 1
311 208 1
317 208 1
318 208 1
319 208 1
320 208 1
323 208 1
344 208 1
345 208 1
349 208 1
432 208 1
506 208 1
510 208 1
588 208 1
598 208 1
599 208 1
600 208 1
601 208 1
19 209 1
32 209 1
218 209 1
225 209 1
476 209 1
486 209 1
487 209 1
567 209 1
579 209 1
580 209 1
413 217 2
50 220 1
51 220 1
52 220 1
53 220 1
61 220 1
129 220 1
130 220 1
131 220 1
132 220 1
133 220 1
134 220 1
135 220 1
136 220 1
139 220 1
155 220 1
156 220 1
192 220 1
204 220 1
206 220 1
212 220 1
213 220 1
219 220 1
223 220 1
425 220 1
439 220 1
440 220 1
441 220 1
613 220 1
616 220 1
159 234 1
6 235 1
118 235 1
123 235 1
124 235 1
125 235 1
127 235 1
165 235 1
241 235 1
253 235 1
283 235 1
445 235 1
472 235 1
524 235 1
525 235 1
1 236 1
6 236 1
48 236 1
504 236 1
48 237 1
335 238 1
164 239 2
295 239 2
296 239 2
407 239 2
409 239 2
119 261 1
120 261 1
142 261 1
260 261 1
262 261 1
263 261 1
264 261 1
267 261 1
305 261 1
477 261 1
547 261 1
548 261 1
550 261 1
612 261 1
145 292 1
258 292 1
293 292 1
342 292 1
458 292 1
467 292 1
468 292 1
509 292 1
529 292 1
531 292 1
534 292 1
537 292 1
538 292 1
292 294 1
687 294 1
4 297 1
22 297 1
409 297 1
414 297 1
84 298 1
87 298 1
88 298 1
94 298 1
163 298 1
169 298 1
170 298 1
232 298 1
254 298 1
296 298 1
297 298 1
298 298 1
302 298 1
374 298 1
400 298 1
433 298 1
4 299 1
299 299 1
105 303 2
90 307 1
306 307 1
212 317 1
289 317 1
290 317 1
291 317 1
315 317 1
316 317 1
318 317 1
320 322 1
321 322 1
323 322 1
325 322 1
326 322 1
111 327 1
115 327 1
116 327 1
118 327 1
187 327 1
189 327 1
639 327 1
649 327 1
329 331 1
74 332 1
75 332 1
81 332 1
82 332 1
83 332 1
97 332 1
98 332 1
114 332 1
138 332 1
149 332 1
152 332 1
153 332 1
368 332 1
369 332 1
416 332 1
418 332 1
419 332 1
420 332 1
427 332 1
428 332 1
448 332 1
449 332 1
450 332 1
451 332 1
452 332 1
461 332 1
462 332 1
463 332 1
470 332 1
527 332 1
571 332 1
572 332 1
592 332 1
602 332 1
608 332 1
618 332 1
38 334 1
62 334 1
63 334 2
79 334 1
95 334 1
96 334 1
352 334 1
414 334 1
557 334 1
558 334 1
561 334 1
573 334 1
343 349 1
344 349 1
345 349 1
346 349 1
347 349 3
348 349 1
350 349 1
66 355 2
124 355 2
151 355 2
196 355 2
201 355 2
236 355 2
238 355 2
272 355 2
275 355 2
276 355 2
278 355 2
304 355 2
330 355 2
383 355 2
460 355 2
563 355 2
564 355 2
565 355 2
595 355 2
630 355 2
635 355 2
637 355 2
638 355 2
652 355 2
654 355 2
684 355 2
685 355 2
66 356 2
151 356 2
275 356 2
304 356 2
460 356 2
595 356 2
630 356 2
635 356 2
637 356 2
638 356 2
652 356 2
654 356 2
2 357 2
31 357 2
241 357 2
364 359 1
555 359 1
27 360 1
28 360 1
33 360 1
109 360 1
118 360 1
141 360 1
151 360 1
214 360 1
218 360 1
221 360 1
228 360 1
229 360 1
259 360 1
262 360 1
263 360 1
264 360 1
265 360 1
266 360 1
272 360 1
338 360 1
362 360 1
399 360 1
417 360 1
454 360 1
525 360 1
535 360 1
548 360 1
549 360 1
590 360 1
595 360 1
606 360 1
612 360 1
640 360 1
651 360 1
658 360 1
27 361 1
28 361 1
33 361 1
109 361 1
118 361 1
151 361 1
214 361 1
218 361 1
221 361 1
228 361 1
229 361 1
259 361 1
262 361 1
263 361 1
264 361 1
265 361 1
266 361 1
272 361 1
338 361 1
362 361 1
399 361 1
417 361 1
454 361 1
525 361 1
535 361 1
548 361 1
549 361 1
590 361 1
595 361 1
606 361 1
640 361 1
658 361 1
273 363 1
277 363 1
611 366 1
554 367 2
447 370 1
64 371 1
110 371 1
113 371 1
140 371 1
157 371 1
167 371 1
186 371 1
288 371 1
337 371 1
370 371 1
371 371 1
394 371 1
395 371 1
422 371 1
423 371 1
442 371 1
443 371 1
536 371 1
581 371 1
631 371 1
650 371 1
662 371 1
669 371 1
205 384 1
274 384 1
281 384 1
300 384 1
385 384 1
386 384 1
387 384 1
388 384 1
389 384 1
523 384 1
561 384 1
624 384 1
665 384 1
672 384 1
274 388 1
281 388 1
300 388 1
388 388 1
389 388 1
523 388 1
665 388 1
365 402 1
181 405 2
182 405 2
255 405 1
318 405 1
403 405 1
404 405 1
409 405 1
410 405 1
411 405 1
600 405 1
409 406 2
343 408 1
403 408 1
404 408 1
409 408 1
410 408 1
411 408 1
412 408 1
439 408 2
440 408 2
528 408 1
19 421 2
619 424 1
620 424 1
621 424 1
622 424 1
2 453 2
19 453 1
62 453 1
73 453 1
160 453 1
161 453 1
224 453 1
249 453 1
397 453 1
414 453 1
474 453 2
475 453 2
484 453 2
485 453 1
488 453 1
54 455 1
68 455 1
172 455 1
176 455 1
177 455 1
178 455 1
187 455 1
188 455 1
190 455 1
191 455 1
589 455 1
8 456 1
73 456 1
160 456 2
169 456 1
170 456 1
196 456 1
289 456 1
453 456 1
512 456 1
573 456 1
594 456 1
271 464 2
464 464 2
273 465 2
276 465 2
277 465 2
278 465 2
444 465 1
145 466 1
146 466 1
292 466 1
687 466 1
100 469 1
292 469 2
687 469 2
2 472 2
31 472 2
105 472 2
109 472 1
125 472 2
165 472 2
215 472 2
241 472 2
373 472 2
472 472 2
413 473 2
426 483 1
481 483 1
102 492 1
285 492 1
92 493 1
93 493 1
147 493 1
286 493 1
6 494 1
92 494 1
93 494 1
286 494 1
6 495 1
293 505 2
296 505 2
561 505 1
20 512 1
56 512 1
193 512 1
255 512 1
409 512 1
469 512 1
529 512 1
554 512 1
555 512 1
561 512 1
569 512 1
688 512 1
336 513 1
26 515 1
69 515 1
118 515 1
126 515 2
128 515 1
150 515 1
227 515 2
266 515 1
267 515 1
324 515 1
399 515 2
524 515 1
576 515 1
602 515 1
603 515 1
604 515 1
627 515 1
634 515 1
656 515 2
659 515 2
679 515 1
233 516 2
248 516 2
564 516 2
117 520 1
196 520 1
296 520 1
425 520 2
564 520 1
255 521 1
425 521 2
555 521 1
19 522 1
20 522 1
196 522 1
197 522 1
255 522 1
296 522 1
555 522 1
564 522 1
8 539 1
99 539 1
100 539 1
101 539 1
255 539 1
268 539 1
269 539 1
316 539 1
499 539 1
539 539 1
571 539 1
572 539 1
574 539 1
20 540 1
244 540 1
245 540 1
268 540 1
270 540 1
409 540 1
268 541 1
269 541 1
268 542 1
269 542 1
20 543 2
70 543 2
268 543 1
269 543 1
8 544 1
196 544 1
577 544 1
106 551 2
273 551 2
277 551 2
284 551 1
24 556 1
25 556 1
56 556 1
58 556 1
63 556 1
89 556 1
90 556 1
99 556 1
142 556 1
144 556 1
166 556 1
168 556 1
174 556 1
175 556 1
193 556 1
194 556 1
207 556 1
216 556 1
270 556 1
282 556 1
301 556 1
306 556 1
308 556 1
354 556 1
358 556 1
364 556 1
381 556 1
390 556 1
398 556 1
401 556 1
411 556 1
429 556 1
430 556 1
431 556 1
434 556 1
491 556 1
496 556 1
500 556 1
508 556 1
526 556 1
530 556 1
545 556 1
546 556 1
549 556 1
552 556 1
556 556 1
557 556 1
561 556 1
590 556 1
593 556 1
605 556 1
623 556 1
629 556 1
633 556 1
636 556 1
641 556 1
642 556 1
643 556 1
644 556 1
645 556 1
646 556 1
647 556 1
648 556 1
654 556 1
655 556 1
657 556 1
660 556 1
664 556 1
666 556 1
668 556 1
670 556 1
671 556 1
55 562 1
519 566 2
533 566 2
561 569 1
255 570 1
71 571 1
72 571 1
379 571 1
99 572 1
100 572 1
117 572 1
255 572 1
47 573 1
81 573 1
117 573 1
158 573 1
255 573 1
381 573 1
382 573 1
469 573 1
511 573 1
20 575 1
58 578 1
63 578 1
99 578 1
142 578 1
144 578 1
162 578 1
207 578 1
270 578 1
312 578 1
313 578 1
354 578 1
358 578 1
364 578 1
401 578 1
431 578 1
434 578 1
470 578 1
491 578 1
496 578 1
508 578 1
530 578 1
545 578 1
546 578 1
549 578 1
568 578 1
590 578 1
593 578 1
605 578 1
623 578 1
629 578 1
633 578 1
636 578 1
641 578 1
642 578 1
643 578 1
647 578 1
648 578 1
654 578 1
655 578 1
657 578 1
660 578 1
667 578 1
670 578 1
671 578 1
391 582 1
407 582 1
583 582 1
584 582 1
585 582 1
586 582 1
587 582 1
653 582 1
29 609 2
31 609 2
56 609 2
125 609 2
159 609 2
196 609 2
197 609 2
233 609 2
255 609 2
292 609 2
352 609 2
353 609 2
376 609 2
377 609 2
378 609 2
469 609 2
470 609 2
471 609 2
472 609 2
552 609 2
557 609 2
559 609 2
560 609 2
561 609 2
613 615 1
614 615 1
616 615 1
7 617 2
56 617 2
62 617 2
63 617 2
73 617 2
87 617 1
88 617 1
113 617 2
148 617 2
186 617 2
196 617 2
258 617 2
261 617 2
290 617 2
293 617 2
296 617 2
297 617 1
298 617 1
339 617 2
340 617 2
342 617 2
374 617 1
393 617 2
413 617 1
422 617 2
423 617 2
457 617 2
458 617 2
459 617 2
468 617 2
469 617 2
514 617 2
517 617 1
529 617 2
531 617 2
532 617 2
591 617 2
674 617 2
96 624 2
99 624 2
101 624 2
126 624 2
518 624 2
26 625 1
69 625 1
78 625 1
118 625 1
126 625 1
128 625 1
141 625 1
185 625 1
222 625 1
226 625 1
227 625 1
231 625 1
248 625 1
263 625 1
266 625 1
267 625 1
324 625 1
375 625 1
399 625 1
435 625 1
437 625 1
482 625 1
489 625 1
524 625 1
525 625 1
547 625 1
576 625 1
596 625 1
602 625 1
603 625 1
604 625 1
610 625 1
632 625 1
634 625 1
656 625 1
659 625 1
661 625 1
679 625 1
159 626 1
523 672 1
665 672 1
672 672 1
21 673 1
154 673 1
173 673 1
333 673 1
662 673 1
663 673 1
673 673 1
675 673 1
676 673 1
677 673 1
678 673 1
34 680 2
36 680 2
38 680 2
40 680 2
62 680 1
63 680 2
9 681 1
11 681 1
12 681 1
13 681 1
16 681 1
18 681 1
249 681 1
252 681 1
63 682 2
129 682 1
130 682 1
132 682 1
134 682 1
155 682 1
156 682 1
613 682 1
73 683 1
160 683 1
161 683 1
171 683 1
396 683 1
397 683 1
398 683 1
399 683 1
594 683 1
48 684 1
92 684 1
103 684 1
104 684 1
106 684 1
123 684 1
124 684 1
127 684 1
215 684 1
240 684 1
242 684 1
243 684 1
309 684 1
310 684 1
319 684 1
392 684 1
436 684 1
445 684 1
446 684 1
480 684 1
501 684 1
502 684 1
503 684 1
525 684 1
628 684 1
48 685 1
125 686 2
159 686 2
196 686 2
197 686 2
276 686 2
278 686 2
564 686 2
292 687 2
29 688 1
238 688 1
255 688 1
273 688 1
277 688 1
279 688 1
280 688 1
334 688 1
353 688 1
372 688 2
403 688 1
404 688 1
409 688 1
412 688 1
497 688 1
507 688 2
554 688 1
555 688 1
558 688 1
124 689 2
145 689 2
146 689 2
181 689 2
183 689 2
271 689 2
276 689 2
278 689 2
328 689 2
564 689 2
